PrimaryV.SplitRatio=0.200000
RightSidebarH.SplitRatio=0.300000
CameraSpeedSetting4=1
CenterRightV.SplitRatio=0.800000
CameraSpeedScalar4=1.000000
PerspectiveCameraLocX4=17.841190
GridSize4=10.000000
PerspectiveCameraLocY4=69.426697
PerspectiveCameraLocZ4=137.488800
PerspectiveCameraRotX4=0.000000
PerspectiveCameraRotY4=3.799911
PerspectiveCameraRotZ4=-100.500099
ShowFlag4=1087
ViewMode4=2
ViewportType4=0
