PerspectiveCameraRotY2=0.000000
PerspectiveCameraLocX0=173.238342
MainSplitterV.SplitRatio=0.800000
GridSize0=10.000000
ViewMode1=3
EditorSplitterH.SplitRatio=0.300000
ViewportSplitterV.SplitRatio=0.500000
CameraSpeedScalar0=1.000000
PerspectiveCameraRotX2=0.000000
CameraSpeedSetting0=1
ShowFlag1=63
ViewportSplitterH.SplitRatio=0.500000
PerspectiveCameraLocY0=83.429474
PerspectiveCameraLocZ0=180.474670
CameraSpeedSetting2=1
ShowFlag3=63
PerspectiveCameraRotX0=0.000000
PerspectiveCameraLocX2=0.000000
PerspectiveCameraRotY0=21.600014
PerspectiveCameraRotZ0=-145.900116
PerspectiveCameraRotX3=0.000000
ShowFlag0=63
CameraSpeedSetting1=1
ViewMode0=3
ViewportType0=0
CameraSpeedScalar1=1.000000
Zoomed=1
GridSize1=10.000000
PerspectiveCameraRotY3=0.000000
PerspectiveCameraLocX1=0.000000
ScreenHeight=1137
PerspectiveCameraLocY1=0.000000
PerspectiveCameraLocZ1=0.000000
ShowFlag2=63
CameraSpeedSetting3=1
PerspectiveCameraRotX1=0.000000
PerspectiveCameraLocX3=0.000000
PerspectiveCameraRotY1=0.000000
WindowHeight=1176
PerspectiveCameraRotZ1=0.000000
ViewportType1=3
CameraSpeedScalar2=1.000000
GridSize2=10.000000
PerspectiveCameraLocY2=0.000000
PerspectiveCameraLocZ2=0.000000
PerspectiveCameraRotZ2=0.000000
ScreenWidth=1920
ViewMode2=3
ViewportType2=3
CameraSpeedScalar3=1.000000
GridSize3=10.000000
PerspectiveCameraLocY3=0.000000
PerspectiveCameraLocZ3=0.000000
PerspectiveCameraRotZ3=0.000000
ViewMode3=3
ViewportType3=3
WindowX=-8
WindowY=-8
WindowWidth=1936
ActiveViewportIndex=0
bMultiView=0
OrthoPivotX=-3.799998
OrthoPivotY=0.000000
OrthoPivotZ=1.850000
OrthoZoomSize=14.000000
