PerspectiveCameraRotY2=-2.899978
PerspectiveCameraLocX0=78.419289
MainSplitterV.SplitRatio=0.800000
GridSize0=10.000000
ViewMode1=4
EditorSplitterH.SplitRatio=0.300000
ViewportSplitterV.SplitRatio=0.500000
CameraSpeedScalar0=1.595125
PerspectiveCameraRotX2=0.000000
CameraSpeedSetting0=1
ShowFlag1=374
ViewportSplitterH.SplitRatio=0.500000
PerspectiveCameraLocY0=13.291368
PerspectiveCameraLocZ0=138.660095
CameraSpeedSetting2=1
ShowFlag3=383
PerspectiveCameraRotX0=-0.000000
PerspectiveCameraLocX2=-10.023046
PerspectiveCameraRotY0=25.100309
PerspectiveCameraRotZ0=-1605.473999
PerspectiveCameraRotX3=0.000000
ShowFlag0=510
CameraSpeedSetting1=1
ViewMode0=3
ViewportType0=0
CameraSpeedScalar1=1.000000
Zoomed=1
GridSize1=10.000000
PerspectiveCameraRotY3=0.000000
PerspectiveCameraLocX1=0.000000
ScreenHeight=1137
PerspectiveCameraLocY1=0.000000
PerspectiveCameraLocZ1=0.000000
ShowFlag2=383
CameraSpeedSetting3=1
PerspectiveCameraRotX1=0.000000
PerspectiveCameraLocX3=0.000000
PerspectiveCameraRotY1=0.000000
WindowHeight=1176
PerspectiveCameraRotZ1=0.000000
ViewportType1=3
CameraSpeedScalar2=0.100000
GridSize2=10.000000
PerspectiveCameraLocY2=0.272690
PerspectiveCameraLocZ2=0.959728
PerspectiveCameraRotZ2=-104.497879
ScreenWidth=1920
ViewMode2=0
ViewportType2=5
CameraSpeedScalar3=1.000000
GridSize3=10.000000
PerspectiveCameraLocY3=0.000000
PerspectiveCameraLocZ3=0.000000
PerspectiveCameraRotZ3=0.000000
ViewMode3=4
ViewportType3=1
WindowX=-8
WindowY=-8
WindowWidth=1936
ActiveViewportIndex=0
bMultiView=0
OrthoPivotX=1.200020
OrthoPivotY=-1.149989
OrthoPivotZ=1.349981
OrthoZoomSize=8.000000
